Essai 1

ra3D =

   97.9577
         0
         0


rb3D =

  100.0000
    2.0423
         0


j =

   -5.4731


Coll_1 =

     0


tf_1 =

    5.9830


raf_1 =

   97.9577         0    5.6827


vaf_1 =

   12.6355   -0.0029    1.8684


rbf_1 =

  100.0000    2.0423    5.0126


vbf_1 =

   -0.0031  -12.6420   -1.2584
_________________________________________________________________________________________________________
Essai 2

ra3D =

   96.7394
         0
         0


rb3D =

  100.0000
    3.2606
         0


j =

  -27.5410


Coll_2 =

     0


tf_2 =

    3.4301


raf_2 =

   96.7394         0    0.5770


vaf_2 =

   26.3612   -0.0097    1.5676


rbf_2 =

  100.0000    3.2606    1.2823


vbf_2 =

   -0.0229  -26.3910   -1.8279
______________________________________________________________________________________________________
Essai 3

ra3D =

   98.7695
         0
         0


rb3D =

  100.0000
    2.9144
         0


j =

   -2.4470


Coll_3 =

     0


tf_3 =

    6.0474


raf_3 =

   98.7695         0    5.8116


vaf_3 =

   12.5539   -0.0014    1.9359


rbf_3 =

  100.0000    2.9144    4.7124


vbf_3 =

   -0.0011   -3.9151   -0.1246
________________________________________________________________________________________________________
Essai 4

Coll_4 =

     1


tf_4 =

   34.3463


raf_4 =

   51.7772   51.7772    3.7158


vaf_4 =

    0.0051    0.0051    1.0000


rbf_4 =

   61.2526   10.0000         0


vbf_4 =

   -0.0022         0         0
________________________________________________________________________________________________________
Essai 5

Coll_5 =

     1


tf_5 =

   16.0350


raf_5 =

  157.1123         0    0.6541


vaf_5 =

    0.0094         0    2.0000


rbf_5 =

  100.0000   13.7506    4.7124


vbf_5 =

         0    0.0026         0
_________________________________________________________________________________________________________
Essai 6

Coll_6 =

     1


tf_6 =

   24.5043


raf_6 =

  157.0513   15.7051    5.1259


vaf_6 =

    0.0078    0.0008    2.0000


rbf_6 =

  146.5815   10.0000    3.1408


vbf_6 =

    0.0022         0    5.0000